##FastQC	0.10.1
>>Basic Statistics	pass
#Measure	Value	
Filename	ENCFF001KVR.fastq.gz	
File type	Conventional base calls	
Encoding	Illumina 1.5	
Total Sequences	31561765	
Filtered Sequences	0	
Sequence length	36	
%GC	46	
>>END_MODULE
>>Per base sequence quality	fail
#Base	Mean	Median	Lower Quartile	Upper Quartile	10th Percentile	90th Percentile
1	26.286680323486344	34.0	26.0	34.0	2.0	34.0
2	26.154458598877472	34.0	24.0	34.0	2.0	34.0
3	26.152179670560248	34.0	24.0	34.0	2.0	34.0
4	26.136500509398	34.0	24.0	34.0	2.0	34.0
5	26.108963614677442	34.0	24.0	34.0	2.0	34.0
6	26.02146020667729	34.0	23.0	34.0	2.0	34.0
7	25.97127125178202	34.0	23.0	34.0	2.0	34.0
8	25.92433826181774	34.0	23.0	34.0	2.0	34.0
9	25.89304793315583	34.0	23.0	34.0	2.0	34.0
10	25.842088298927514	34.0	22.0	34.0	2.0	34.0
11	25.839863676825424	34.0	22.0	34.0	2.0	34.0
12	25.812706925610783	34.0	22.0	34.0	2.0	34.0
13	25.790887296702195	34.0	22.0	34.0	2.0	34.0
14	25.761842818359494	34.0	22.0	34.0	2.0	34.0
15	25.722017986003	34.0	21.0	34.0	2.0	34.0
16	25.633572837260527	34.0	19.0	34.0	2.0	34.0
17	25.605889404474052	34.0	18.0	34.0	2.0	34.0
18	25.584037331245575	34.0	18.0	34.0	2.0	34.0
19	25.559144236705393	34.0	17.0	34.0	2.0	34.0
20	25.520953786963435	34.0	15.0	34.0	2.0	34.0
21	25.46906819057806	34.0	15.0	34.0	2.0	34.0
22	25.440527042768363	34.0	14.0	34.0	2.0	34.0
23	25.419149974660797	34.0	14.0	34.0	2.0	34.0
24	25.39520324671323	34.0	14.0	34.0	2.0	34.0
25	25.356139810305287	34.0	12.0	34.0	2.0	34.0
26	25.31992152530126	34.0	2.0	34.0	2.0	34.0
27	25.285232844234155	34.0	2.0	34.0	2.0	34.0
28	25.24952568400405	34.0	2.0	34.0	2.0	34.0
29	25.233452565152806	34.0	2.0	34.0	2.0	34.0
30	25.179163237543907	34.0	2.0	34.0	2.0	34.0
31	25.13452384554539	34.0	2.0	34.0	2.0	34.0
32	25.10583590619853	34.0	2.0	34.0	2.0	34.0
33	25.08041527462105	34.0	2.0	34.0	2.0	34.0
34	25.055170361987045	34.0	2.0	34.0	2.0	34.0
35	25.027533726329946	34.0	2.0	34.0	2.0	34.0
36	24.871418185896765	34.0	2.0	34.0	2.0	34.0
>>END_MODULE
>>Per sequence quality scores	pass
#Quality	Count
2	6704403.0
3	24304.0
4	69968.0
5	173938.0
6	76282.0
7	47693.0
8	84012.0
9	120383.0
10	95847.0
11	48607.0
12	63742.0
13	72004.0
14	71410.0
15	63577.0
16	56582.0
17	61665.0
18	66738.0
19	72639.0
20	79028.0
21	101820.0
22	126684.0
23	153818.0
24	190574.0
25	202948.0
26	238610.0
27	260384.0
28	302767.0
29	350133.0
30	444391.0
31	608271.0
32	1013333.0
33	9204527.0
34	1.0310683E7
>>END_MODULE
>>Per base sequence content	pass
#Base	G	A	T	C
1	20.32305721107555	27.715793445356702	25.68097743777108	26.280171905796667
2	23.820835804844506	29.165571935412192	25.20884986482698	21.804742394916314
3	23.96860126329166	27.985236674847293	26.830053255112713	21.216108806748338
4	23.963627112733718	27.094229011352372	26.966282273247366	21.97586160266654
5	22.21307956805302	26.762227697667257	29.560748439781833	21.463944294497892
6	22.80323874115202	27.148609097827485	27.175420461309425	22.872731699711068
7	23.61568448831649	26.930063160690192	27.981499540335253	21.472752810658065
8	22.969027040272973	26.844252139426523	27.521157650872468	22.665563169428037
9	22.81798800128054	26.359826806938987	28.00309162401422	22.81909356776626
10	23.50744481020294	26.629692519432492	26.401878709664885	23.46098396069969
11	23.10612898190779	26.720120796768093	26.763950804756547	23.40979941656757
12	23.452004829960078	26.765452098845337	26.440120518760224	23.342422552434357
13	23.13207210387033	26.911114254081852	26.982979065352623	22.97383457669519
14	23.204285352430514	27.053023848450657	26.717927658932105	23.024763140186725
15	22.92827729773684	26.75853108944053	27.129016971064523	23.18417464175811
16	23.21908050474896	26.84219537722513	26.825995050070656	23.112729067955254
17	22.974595305274644	26.6224098531246	26.936014007618102	23.46698083398265
18	23.400435255016358	26.6005854938972	26.60037110462696	23.398608146459484
19	23.341446576141024	26.61452033114729	26.487613370532838	23.556419722178852
20	23.495114051954328	26.554965091778058	26.40747926188487	23.54244159438274
21	23.327991035459288	26.611986099510077	26.54489729820801	23.515125566822626
22	23.496211693056164	26.6237944714589	26.483144476006782	23.396849359478157
23	23.23618745978647	26.74595906263835	26.6830318744257	23.334821603149482
24	23.392494861648185	26.663058391168963	26.58163854009515	23.362808207087703
25	23.127442297262853	26.718632403499853	26.759360903527885	23.39456439570941
26	23.332254391027266	26.767088784164166	26.529917881047826	23.370738943760742
27	23.222280568098032	26.59137753566641	26.667327874853726	23.519014021381835
28	23.48472394985712	26.653941068400062	26.387941605337296	23.473393376405525
29	23.404298174401138	26.49013101181722	26.526677957270078	23.578892856511562
30	23.628164328885916	26.566497458807724	26.223462682033965	23.58187553027239
31	23.513627975678197	26.479984948982654	26.437396974585397	23.56899010075375
32	23.656530341467576	26.546517446234546	26.392730492961018	23.404221719336856
33	23.605653529832534	26.422758679420504	26.473079175420526	23.498508615326433
34	23.610100597738708	26.637807803779385	26.29406647728946	23.458025121192456
35	23.330918283929584	26.738768290202692	26.480584194619787	23.449729231247932
36	23.45430685034704	26.66137930994708	26.433086100865026	23.45122773884085
>>END_MODULE
>>Per base GC content	pass
#Base	%GC
1	46.60322911687222
2	45.625578199760824
3	45.18471007004
4	45.93948871540026
5	43.67702386255091
6	45.67597044086308
7	45.088437298974554
8	45.63459020970101
9	45.63708156904679
10	46.96842877090263
11	46.51592839847536
12	46.79442738239444
13	46.10590668056552
14	46.22904849261724
15	46.112451939494946
16	46.331809572704216
17	46.44157613925729
18	46.79904340147584
19	46.897866298319876
20	47.03755564633707
21	46.84311660228192
22	46.89306105253432
23	46.57100906293596
24	46.755303068735884
25	46.52200669297226
26	46.702993334788005
27	46.741294589479864
28	46.958117326262645
29	46.9831910309127
30	47.21003985915831
31	47.08261807643195
32	47.06075206080443
33	47.10416214515896
34	47.06812571893116
35	46.78064751517752
36	46.905534589187894
>>END_MODULE
>>Per sequence GC content	pass
#GC Content	Count
0	86187.0
1	97603.0
2	109019.0
3	109019.0
4	80293.5
5	51568.0
6	51568.0
7	38278.5
8	24989.0
9	24989.0
10	24556.0
11	24123.0
12	24123.0
13	29969.5
14	35816.0
15	47392.0
16	58968.0
17	58968.0
18	80207.0
19	101446.0
20	101446.0
21	140192.0
22	178938.0
23	178938.0
24	261701.5
25	344465.0
26	486318.0
27	628171.0
28	628171.0
29	882457.5
30	1136744.0
31	1136744.0
32	1362997.5
33	1589251.0
34	1589251.0
35	1826180.5
36	2063110.0
37	2063110.0
38	2262795.5
39	2462481.0
40	2651678.0
41	2840875.0
42	2840875.0
43	3006076.5
44	3171278.0
45	3171278.0
46	3266741.0
47	3362204.0
48	3362204.0
49	3371884.0
50	3381564.0
51	3179867.5
52	2978171.0
53	2978171.0
54	2699526.5
55	2420882.0
56	2420882.0
57	2098703.5
58	1776525.0
59	1776525.0
60	1474966.5
61	1173408.0
62	1173408.0
63	941598.5
64	709789.0
65	554992.0
66	400195.0
67	400195.0
68	305629.0
69	211063.0
70	211063.0
71	160535.5
72	110008.0
73	110008.0
74	84532.0
75	59056.0
76	45528.0
77	32000.0
78	32000.0
79	24958.5
80	17917.0
81	17917.0
82	13996.0
83	10075.0
84	10075.0
85	7864.5
86	5654.0
87	5654.0
88	4401.0
89	3148.0
90	2315.0
91	1482.0
92	1482.0
93	1094.5
94	707.0
95	707.0
96	504.0
97	301.0
98	301.0
99	244.0
100	187.0
>>END_MODULE
>>Per base N content	pass
#Base	N-Count
1	0.718261478722752
2	0.5836207195636872
3	0.6267963784661599
4	0.7261824552587601
5	0.778765065895396
6	0.8170455612986157
7	0.8328653356363309
8	0.8431467631800693
9	0.8414992000605797
10	0.8651480676064853
11	0.9001619522862553
12	0.9197362695020384
13	0.916165493279606
14	0.9325365675842273
15	0.929501249375629
16	0.9604564256783484
17	0.9810224491564398
18	0.9828379369784929
19	0.993848094363544
20	0.9734468271974016
21	0.9700851647555199
22	0.9677975867319208
23	0.9915510111681016
24	1.009987876153314
25	1.0395743077106112
26	1.0571366968862481
27	1.0648897487196929
28	1.0662077992152847
29	1.056458661294766
30	1.064794697001261
31	1.060270235203893
32	1.0875564151751336
33	1.1084012570272923
34	1.1077707472950262
35	1.106253088190727
36	1.1135720705099983
>>END_MODULE
>>Sequence Length Distribution	pass
#Length	Count
36	3.1561765E7
>>END_MODULE
>>Sequence Duplication Levels	pass
#Total Duplicate Percentage	16.224803424283007
#Duplication Level	Relative count
1	100.0
2	2.834892017511282
3	0.8817538291862206
4	0.5750813104201132
5	0.46816795525394733
6	0.3573156870027122
7	0.32467897858356687
8	0.2830390402556917
9	0.2914795682951259
10++	6.5239654726133
>>END_MODULE
>>Overrepresented sequences	pass
>>END_MODULE
>>Kmer Content	warn
#Sequence	Count	Obs/Exp Overall	Obs/Exp Max	Max Obs/Exp Position
GTGTG	3342055	3.7191262	4.442029	12
CACAC	3203040	3.5758255	4.174628	1
TGTGT	3627320	3.5106509	4.8172293	1
TTTTC	3985905	3.3661985	4.3737226	4
ACACA	3298555	3.1813686	3.458239	26
GAAAA	3749490	3.113882	3.9966536	2
>>END_MODULE
