##FastQC	0.10.1
>>Basic Statistics	pass
#Measure	Value	
Filename	ENCFF001KWE.fastq.gz	
File type	Conventional base calls	
Encoding	Illumina 1.5	
Total Sequences	29605854	
Filtered Sequences	0	
Sequence length	30	
%GC	47	
>>END_MODULE
>>Per base sequence quality	fail
#Base	Mean	Median	Lower Quartile	Upper Quartile	10th Percentile	90th Percentile
1	22.834691949774527	30.0	2.0	37.0	2.0	38.0
2	22.569726075120144	30.0	2.0	37.0	2.0	38.0
3	22.395041669799493	30.0	2.0	37.0	2.0	38.0
4	22.17085827012455	30.0	2.0	37.0	2.0	38.0
5	22.009209969082466	30.0	2.0	37.0	2.0	38.0
6	21.778968882302806	30.0	2.0	36.0	2.0	38.0
7	21.65625467179565	29.0	2.0	36.0	2.0	38.0
8	21.530327718295172	29.0	2.0	36.0	2.0	38.0
9	21.401536635288412	29.0	2.0	36.0	2.0	38.0
10	21.548285855898634	30.0	2.0	37.0	2.0	38.0
11	21.608850296971674	30.0	2.0	37.0	2.0	38.0
12	21.515114341913595	30.0	2.0	37.0	2.0	38.0
13	21.431773391843382	30.0	2.0	37.0	2.0	38.0
14	21.330777318566795	30.0	2.0	37.0	2.0	38.0
15	21.328901675999617	30.0	2.0	37.0	2.0	38.0
16	21.220527534858476	30.0	2.0	37.0	2.0	38.0
17	21.12999442610235	30.0	2.0	37.0	2.0	38.0
18	21.016872710376806	29.0	2.0	37.0	2.0	38.0
19	20.879022743272326	29.0	2.0	36.0	2.0	38.0
20	20.699575192122477	29.0	2.0	36.0	2.0	38.0
21	20.57410862054511	29.0	2.0	36.0	2.0	38.0
22	20.44985302568877	28.0	2.0	36.0	2.0	38.0
23	20.31384252587343	28.0	2.0	36.0	2.0	38.0
24	20.170249167613946	28.0	2.0	36.0	2.0	38.0
25	19.9783274280823	28.0	2.0	36.0	2.0	38.0
26	19.8362745084131	28.0	2.0	36.0	2.0	38.0
27	19.71121099901391	28.0	2.0	36.0	2.0	38.0
28	19.589981528653084	27.0	2.0	36.0	2.0	38.0
29	19.437159319910176	26.0	2.0	36.0	2.0	38.0
30	18.754865068239546	23.0	2.0	35.0	2.0	37.0
>>END_MODULE
>>Per sequence quality scores	fail
#Quality	Count
2	9546755.0
3	350650.0
4	345713.0
5	291395.0
6	155094.0
7	123161.0
8	121487.0
9	129238.0
10	129199.0
11	121911.0
12	119959.0
13	127391.0
14	135586.0
15	143472.0
16	147582.0
17	147640.0
18	154171.0
19	168189.0
20	196246.0
21	236924.0
22	276900.0
23	314052.0
24	344942.0
25	376712.0
26	415490.0
27	469389.0
28	542564.0
29	640211.0
30	721400.0
31	679091.0
32	783382.0
33	954568.0
34	1201762.0
35	1575462.0
36	2239630.0
37	5114711.0
38	63825.0
>>END_MODULE
>>Per base sequence content	pass
#Base	G	A	T	C
1	16.493081229034313	28.580784196668098	26.433283597461426	28.492850976836166
2	26.192792474007355	30.256593278741462	22.835796355055678	20.714817892195505
3	24.459797014676784	27.221383893011584	25.72289558939395	22.595923502917675
4	22.41921058709205	26.391320317202577	26.058641775330177	25.130827320375204
5	22.18854552889752	26.419571558946792	28.52043358411181	22.871449328043877
6	22.85883146477914	26.650054040949428	26.861830201694058	23.629284292577367
7	25.057540296121815	25.720925583740822	26.597355226830267	22.624178893307093
8	23.26500790317972	26.591137966270956	26.930775758299774	23.21307837224955
9	23.590624864058622	25.831773637524748	27.587503320476415	22.99009817794022
10	24.263261446081856	25.846811383133115	25.469396129848317	24.42053104093671
11	24.462337146007982	25.992682071751936	26.02224993669583	23.52273084554425
12	24.69892172154062	26.050369916646215	25.755339165191128	23.495369196622036
13	23.67297296584613	26.593167739029845	26.29377465910737	23.44008463601665
14	24.140666182720793	26.69360293218056	25.80723013512678	23.358500749971864
15	24.473285173259075	25.648050211969746	26.109361630624804	23.769302984146375
16	24.238036956377503	26.476494311752795	25.746795488528612	23.538673243341087
17	24.612959515180922	25.682331241248185	25.709578447851722	23.99513079571917
18	24.269792426411364	25.77988530634647	25.466912040717588	24.48341022652458
19	24.12897344764341	25.7483339002139	26.233418236389433	23.88927441575326
20	24.303409481778715	25.750957313656603	25.41908069154767	24.526552513017013
21	25.016919062544986	25.60274561782926	25.526864239305493	23.85347108032026
22	24.35030992901599	25.58098654457484	26.1452455459335	23.92345798047567
23	24.184316053442735	26.40689473787407	25.624056398707	23.784732809976195
24	24.34490142564459	25.584469795337117	26.096067850143534	23.974560928874762
25	24.7037693879446	25.666445569658418	25.536275170826254	24.093509871570728
26	24.27563888371696	25.768311889658758	25.42530686173356	24.530742364890717
27	24.232284851061042	25.375258332308498	25.655499371116225	24.73695744551424
28	25.14954012816059	25.61996945176312	25.113893192747206	24.11659722732909
29	24.321157507095297	25.50397859416175	25.981361873549215	24.193502025193737
30	24.815046499555855	25.561163668880404	24.91396294650494	24.709826885058796
>>END_MODULE
>>Per base GC content	pass
#Base	%GC
1	44.985932205870476
2	46.90761036620286
3	47.05572051759446
4	47.55003790746725
5	45.0599948569414
6	46.48811575735651
7	47.68171918942891
8	46.47808627542927
9	46.580723041998844
10	48.683792487018565
11	47.985067991552235
12	48.194290918162665
13	47.113057601862785
14	47.49916693269266
15	48.24258815740545
16	47.77671019971859
17	48.608090310900096
18	48.75320265293594
19	48.01824786339667
20	48.82996199479573
21	48.87039014286525
22	48.27376790949166
23	47.969048863418934
24	48.31946235451935
25	48.79727925951533
26	48.80638124860768
27	48.969242296575274
28	49.26613735548968
29	48.51465953228903
30	49.52487338461465
>>END_MODULE
>>Per sequence GC content	pass
#GC Content	Count
0	12780.0
1	12780.0
2	7943.5
3	3107.0
4	3107.0
5	5009.5
6	6912.0
7	6912.0
8	11163.5
9	15415.0
10	15415.0
11	15415.0
12	24497.0
13	33579.0
14	33579.0
15	51554.0
16	69529.0
17	69529.0
18	104897.5
19	140266.0
20	140266.0
21	140266.0
22	217482.0
23	294698.0
24	294698.0
25	447286.5
26	599875.0
27	599875.0
28	806274.5
29	1012674.0
30	1012674.0
31	1012674.0
32	1247177.0
33	1481680.0
34	1481680.0
35	1774471.5
36	2067263.0
37	2067263.0
38	2379405.0
39	2691547.0
40	2691547.0
41	2691547.0
42	2916829.5
43	3142112.0
44	3142112.0
45	3330374.5
46	3518637.0
47	3518637.0
48	3577839.0
49	3637041.0
50	3637041.0
51	3637041.0
52	3458697.0
53	3280353.0
54	3280353.0
55	3014061.5
56	2747770.0
57	2747770.0
58	2342614.0
59	1937458.0
60	1937458.0
61	1937458.0
62	1599793.0
63	1262128.0
64	1262128.0
65	1012154.0
66	762180.0
67	762180.0
68	594866.5
69	427553.0
70	427553.0
71	427553.0
72	328914.5
73	230276.0
74	230276.0
75	175138.5
76	120001.0
77	120001.0
78	90240.0
79	60479.0
80	60479.0
81	60479.0
82	44842.5
83	29206.0
84	29206.0
85	21060.0
86	12914.0
87	12914.0
88	9204.0
89	5494.0
90	5494.0
91	5494.0
92	3742.0
93	1990.0
94	1990.0
95	1352.0
96	714.0
97	714.0
98	468.5
99	223.0
100	223.0
>>END_MODULE
>>Per base N content	pass
#Base	N-Count
1	0.07060427981574184
2	0.058093240613832656
3	0.060467771002315956
4	0.06530802995921009
5	0.08185881076087183
6	0.07678211207823966
7	0.0707123665475078
8	0.07923095209481207
9	0.06921266314425518
10	0.07518445507432414
11	0.08932017296309033
12	0.07942348158577017
13	0.08786100208424996
14	0.08583099815327064
15	0.07481966235461406
16	0.06645645148422336
17	0.08390232553332189
18	0.0749074828241739
19	0.08729016903211101
20	0.08234520105381861
21	0.0904956161710451
22	0.08242626610264309
23	0.08455760134465298
24	0.08251070886183523
25	0.07280654697547316
26	0.09607897140883016
27	0.10817792994588164
28	0.10024706600255476
29	0.11773347257606553
30	0.11288645819843603
>>END_MODULE
>>Sequence Length Distribution	pass
#Length	Count
30	2.9605854E7
>>END_MODULE
>>Sequence Duplication Levels	pass
#Total Duplicate Percentage	16.628033847032775
#Duplication Level	Relative count
1	100.0
2	4.4433835093237475
3	0.8419456301954616
4	0.46394068748595824
5	0.36171646820939113
6	0.29206919793304875
7	0.23814873062233205
8	0.23983374522579196
9	0.21343518310492024
10++	5.239833745225792
>>END_MODULE
>>Overrepresented sequences	warn
#Sequence	Count	Percentage	Possible Source
CTACGAGATCGGAAGAGCTCGTATGCCGTC	82061	0.27717829048268633	Illumina Single End Adapter 2 (100% over 25bp)
>>END_MODULE
>>Kmer Content	warn
#Sequence	Count	Obs/Exp Overall	Obs/Exp Max	Max Obs/Exp Position
CACAC	2400475	3.3304036	3.7907176	23
TTTTC	2666870	3.2159045	4.3571167	3
GTGTG	2269430	3.190214	3.85971	20
TGTGT	2389720	3.106365	3.587054	11
ACACA	2444125	3.0902255	3.5092158	24
GGAAG	1510695	2.0758505	6.8604226	11
AAGAG	1357785	1.7057326	5.6831684	13
GAAGA	1338335	1.6812978	5.808134	12
AGAGC	1178555	1.6246604	6.010653	14
AGCTC	1058575	1.480709	5.845499	16
GAGCT	1057550	1.4745364	5.922548	15
ATGCC	881720	1.2333285	5.7136245	23
GAGAT	930295	1.1820678	5.204455	5
AGATC	783060	0.998183	5.2434454	6
CGAGA	523695	0.7219235	5.0905166	4
CGGAA	507155	0.6991227	5.367767	10
TGCCG	416555	0.63732344	5.571812	24
GCTCG	361560	0.5531818	5.5818915	17
TCGGA	341390	0.4759983	5.115553	9
ATCGG	297955	0.4154371	5.0881724	8
GATCG	282990	0.39457148	5.0731544	7
>>END_MODULE
