##FastQC	0.10.1
>>Basic Statistics	pass
#Measure	Value	
Filename	ENCFF001KVG.fastq.gz	
File type	Conventional base calls	
Encoding	Illumina 1.5	
Total Sequences	39383852	
Filtered Sequences	0	
Sequence length	36	
%GC	47	
>>END_MODULE
>>Per base sequence quality	pass
#Base	Mean	Median	Lower Quartile	Upper Quartile	10th Percentile	90th Percentile
1	28.848835228204695	31.0	29.0	34.0	16.0	34.0
2	29.282220032717976	31.0	29.0	34.0	16.0	34.0
3	29.96463322074235	31.0	30.0	34.0	25.0	34.0
4	33.66279583317549	37.0	35.0	37.0	28.0	37.0
5	33.391196320766184	37.0	35.0	37.0	27.0	37.0
6	33.35987906921852	37.0	35.0	37.0	27.0	37.0
7	33.3031832945137	37.0	35.0	37.0	27.0	37.0
8	33.27918041130157	37.0	35.0	37.0	27.0	37.0
9	34.691495869931664	39.0	35.0	39.0	27.0	39.0
10	34.650913653646676	39.0	35.0	39.0	27.0	39.0
11	34.6150513413467	39.0	35.0	39.0	27.0	39.0
12	34.5447296267516	39.0	35.0	39.0	27.0	39.0
13	34.41318185432954	39.0	35.0	39.0	26.0	39.0
14	35.56625537796557	40.0	36.0	41.0	26.0	41.0
15	35.53944609074806	40.0	36.0	41.0	26.0	41.0
16	35.104091925797405	40.0	35.0	41.0	22.0	41.0
17	35.23628470876846	40.0	35.0	41.0	25.0	41.0
18	35.24732336999438	40.0	35.0	41.0	25.0	41.0
19	35.34792056399156	40.0	35.0	41.0	25.0	41.0
20	35.20999995124905	40.0	35.0	41.0	25.0	41.0
21	35.20912403388069	40.0	35.0	41.0	25.0	41.0
22	35.11748238846723	40.0	35.0	41.0	24.0	41.0
23	35.00518770992741	39.0	35.0	41.0	23.0	41.0
24	34.77607860703925	39.0	34.0	41.0	20.0	41.0
25	34.7997121510613	39.0	34.0	41.0	22.0	41.0
26	34.7440034052535	39.0	34.0	41.0	22.0	41.0
27	34.60206078877201	39.0	34.0	41.0	19.0	41.0
28	34.358197948743054	39.0	34.0	41.0	17.0	41.0
29	34.366530094618476	39.0	34.0	41.0	18.0	41.0
30	34.329980876426205	39.0	34.0	41.0	18.0	41.0
31	34.21708214320935	39.0	34.0	41.0	17.0	41.0
32	34.213938392821504	39.0	34.0	41.0	16.0	41.0
33	33.9484827690293	39.0	34.0	41.0	10.0	41.0
34	33.77242949724674	39.0	33.0	41.0	9.0	41.0
35	33.77126313088928	39.0	34.0	41.0	2.0	41.0
36	33.4706390832466	38.0	33.0	40.0	2.0	41.0
>>END_MODULE
>>Per sequence quality scores	pass
#Quality	Count
2	1251257.0
3	23640.0
4	244550.0
5	158597.0
6	121963.0
7	99346.0
8	87521.0
9	81085.0
10	77722.0
11	75663.0
12	71805.0
13	71022.0
14	73199.0
15	76951.0
16	81106.0
17	87675.0
18	97315.0
19	112787.0
20	138113.0
21	174534.0
22	218211.0
23	263906.0
24	307545.0
25	353684.0
26	402420.0
27	459332.0
28	534530.0
29	618033.0
30	746030.0
31	912541.0
32	1092921.0
33	1359365.0
34	1726212.0
35	2246016.0
36	3018085.0
37	4380471.0
38	7679691.0
39	9859008.0
>>END_MODULE
>>Per base sequence content	pass
#Base	G	A	T	C
1	23.717664034427003	24.909970798525066	26.37105052909414	25.001314637953787
2	23.20390411639335	26.755309920499244	26.299990675172374	23.740795287935036
3	23.92413064683946	26.810035166992428	26.82317555991532	22.442658626252793
4	23.861322540143867	26.345434808706354	26.82319665665986	22.970045994489922
5	23.382626463251995	26.590202502284438	27.476024945452266	22.551146089011304
6	23.691735384339754	26.973364616543854	26.104711646793717	23.230188352322674
7	23.87172539648991	26.874374807217944	26.826756306112465	22.42714349017968
8	23.553955565341855	26.887286190289363	26.431670523238814	23.127087721129968
9	23.516036470988162	26.426071781906963	26.793336517717975	23.264555229386907
10	23.724103980484184	26.636691098676685	26.12436691058051	23.51483801025862
11	23.648341965128246	26.473606492325843	26.197358755055244	23.68069278749067
12	23.726681178875037	26.55590925945994	26.028218367263822	23.6891911944012
13	23.68686282895843	26.711338443989685	26.157289033078833	23.444509693973053
14	23.70236156686756	26.67583404487707	26.020953968646843	23.600850419608523
15	23.597773016209793	26.715469578750195	26.159703728319922	23.527053676720094
16	23.878928856425723	26.704264478751345	26.010167822080987	23.406638842741945
17	23.80921729962611	26.453945025233544	26.031374519986006	23.70546315515434
18	23.954557595131114	26.485350911273237	25.935003470887143	23.625088022708507
19	23.84772571255854	26.506223921418353	25.885741191592942	23.76030917443017
20	24.031471070935368	26.36618175388228	25.853796627104934	23.74855054807742
21	23.967731749550552	26.431845721947155	25.907082425558574	23.693340102943715
22	23.943051583679527	26.457947790378654	25.909748492859457	23.689252133082363
23	23.94536725356372	26.43812748433038	25.9027227707437	23.713782491362196
24	24.11876094571762	26.44552409986981	25.791634391137848	23.644080563274724
25	23.85624856506897	26.464838279940402	26.049297996573483	23.629615158417145
26	23.95122369867358	26.483209833973493	25.803142790617486	23.76242367673544
27	23.993715952394446	26.448117020263055	25.82630416663366	23.73186286070884
28	24.228351254214544	26.473124061099966	25.67496191078516	23.62356277390033
29	24.083047257624777	26.297829968841835	25.79035355581396	23.82876921771943
30	24.080047932930466	26.343316617890295	25.80154438138555	23.77509106779369
31	23.926569540890753	26.310022165155804	25.8441704218084	23.919237872145043
32	24.02382302244598	26.42001123727474	25.773338454652517	23.782827285626766
33	24.182674989890117	26.317712582156705	25.729626438952486	23.7699859890007
34	24.011906230084247	26.48441479143873	25.76030939581946	23.743369582657568
35	23.900781001423763	26.455982374622455	25.796208870037418	23.847027753916365
36	24.024237965252443	26.59071993854128	25.741186091735003	23.643856004471274
>>END_MODULE
>>Per base GC content	pass
#Base	%GC
1	48.71897867238079
2	46.94469940432839
3	46.36678927309225
4	46.831368534633796
5	45.9337725522633
6	46.92192373666243
7	46.298868886669595
8	46.68104328647183
9	46.78059170037507
10	47.2389419907428
11	47.32903475261892
12	47.41587237327624
13	47.13137252293148
14	47.30321198647608
15	47.12482669292989
16	47.28556769916767
17	47.51468045478045
18	47.579645617839624
19	47.60803488698871
20	47.780021619012786
21	47.66107185249426
22	47.63230371676189
23	47.65914974492592
24	47.762841508992345
25	47.48586372348612
26	47.713647375409025
27	47.72557881310328
28	47.85191402811487
29	47.91181647534421
30	47.85513900072416
31	47.84580741303579
32	47.80665030807275
33	47.95266097889082
34	47.75527581274181
35	47.747808755340124
36	47.66809396972372
>>END_MODULE
>>Per sequence GC content	pass
#GC Content	Count
0	1866.0
1	2283.0
2	2700.0
3	2700.0
4	4425.0
5	6150.0
6	6150.0
7	9439.0
8	12728.0
9	12728.0
10	19042.0
11	25356.0
12	25356.0
13	36457.0
14	47558.0
15	66798.0
16	86038.0
17	86038.0
18	118046.0
19	150054.0
20	150054.0
21	205785.0
22	261516.0
23	261516.0
24	368794.0
25	476072.0
26	660787.5
27	845503.0
28	845503.0
29	1160110.5
30	1474718.0
31	1474718.0
32	1767565.0
33	2060412.0
34	2060412.0
35	2341022.0
36	2621632.0
37	2621632.0
38	2835966.0
39	3050300.0
40	3219471.0
41	3388642.0
42	3388642.0
43	3491444.5
44	3594247.0
45	3594247.0
46	3636139.5
47	3678032.0
48	3678032.0
49	3643896.5
50	3609761.0
51	3443371.5
52	3276982.0
53	3276982.0
54	3022178.0
55	2767374.0
56	2767374.0
57	2490052.5
58	2212731.0
59	2212731.0
60	1948242.5
61	1683754.0
62	1683754.0
63	1467454.5
64	1251155.0
65	1088249.5
66	925344.0
67	925344.0
68	794166.5
69	662989.0
70	662989.0
71	563355.5
72	463722.0
73	463722.0
74	386910.0
75	310098.0
76	251246.0
77	192394.0
78	192394.0
79	153603.0
80	114812.0
81	114812.0
82	89826.5
83	64841.0
84	64841.0
85	49718.0
86	34595.0
87	34595.0
88	25863.5
89	17132.0
90	12522.5
91	7913.0
92	7913.0
93	5590.0
94	3267.0
95	3267.0
96	2205.0
97	1143.0
98	1143.0
99	732.0
100	321.0
>>END_MODULE
>>Per base N content	pass
#Base	N-Count
1	0.049263845496880294
2	0.012969782640865095
3	0.003727415997805395
4	1.0156446860505163E-5
5	0.0
6	0.0
7	0.0
8	0.0
9	0.0
10	0.0
11	0.0
12	0.0
13	0.0
14	0.0
15	0.0
16	0.0
17	9.26775776021096E-4
18	0.0013939723316043337
19	0.0
20	0.0
21	0.0
22	0.0
23	0.0
24	7.59194402822761E-4
25	0.0010816615906438
26	9.69940675178243E-4
27	0.005657140901301376
28	0.0
29	0.05041406310383251
30	0.013954957986334095
31	0.01709330006623019
32	0.015176270721309842
33	0.010351958462569888
34	0.0019627333557926227
35	4.697356672983638E-4
36	4.570401087227323E-5
>>END_MODULE
>>Sequence Length Distribution	pass
#Length	Count
36	3.9383852E7
>>END_MODULE
>>Sequence Duplication Levels	fail
#Total Duplicate Percentage	59.2099011782592
#Duplication Level	Relative count
1	100.0
2	56.427697862675444
3	31.928251121076233
4	15.93617145186652
5	7.74095859297653
6	3.901927668743812
7	1.9311630073961912
8	1.1368004193116301
9	0.788538815444645
10++	13.159396657154504
>>END_MODULE
>>Overrepresented sequences	pass
>>END_MODULE
>>Kmer Content	warn
#Sequence	Count	Obs/Exp Overall	Obs/Exp Max	Max Obs/Exp Position
GAAAA	4714005	3.1882846	3.4750082	12
TTTTC	4347335	3.15483	3.6785693	2
CACAC	3492390	3.0192082	3.9259553	31
>>END_MODULE
