##FastQC	0.10.1
>>Basic Statistics	pass
#Measure	Value	
Filename	ENCFF001KVH.fastq.gz	
File type	Conventional base calls	
Encoding	Illumina 1.5	
Total Sequences	44981145	
Filtered Sequences	0	
Sequence length	36	
%GC	45	
>>END_MODULE
>>Per base sequence quality	pass
#Base	Mean	Median	Lower Quartile	Upper Quartile	10th Percentile	90th Percentile
1	29.75467403064106	31.0	30.0	34.0	23.0	34.0
2	30.009801595757512	31.0	30.0	34.0	25.0	34.0
3	30.592602455984615	33.0	31.0	34.0	26.0	34.0
4	33.8795740748707	37.0	35.0	37.0	28.0	37.0
5	33.862109401617055	37.0	35.0	37.0	28.0	37.0
6	33.835921962413366	37.0	35.0	37.0	29.0	37.0
7	33.86759478888321	37.0	35.0	37.0	29.0	37.0
8	33.86587395674343	37.0	35.0	37.0	29.0	37.0
9	35.370404154896455	39.0	35.0	39.0	29.0	39.0
10	35.34126474548391	39.0	35.0	39.0	29.0	39.0
11	35.31083483979788	39.0	35.0	39.0	29.0	39.0
12	35.273044850236694	39.0	35.0	39.0	29.0	39.0
13	35.06716616484529	39.0	35.0	39.0	27.0	39.0
14	36.346299010396464	40.0	36.0	41.0	27.0	41.0
15	36.34659889160225	40.0	36.0	41.0	28.0	41.0
16	36.30687622558296	40.0	36.0	41.0	28.0	41.0
17	36.233602412744276	40.0	36.0	41.0	27.0	41.0
18	35.86893661777618	40.0	36.0	41.0	27.0	41.0
19	35.977908588142874	40.0	36.0	41.0	27.0	41.0
20	35.79990200338386	40.0	36.0	41.0	27.0	41.0
21	35.725239275256335	40.0	36.0	41.0	26.0	41.0
22	35.772139037367765	40.0	36.0	41.0	27.0	41.0
23	35.76834731530289	40.0	36.0	41.0	27.0	41.0
24	35.58511460746497	40.0	36.0	41.0	25.0	41.0
25	35.57383617068885	40.0	36.0	41.0	25.0	41.0
26	35.52676398077461	40.0	36.0	41.0	25.0	41.0
27	35.44581773096261	40.0	36.0	41.0	25.0	41.0
28	35.32350926149168	40.0	36.0	41.0	24.0	41.0
29	35.20857530416355	40.0	36.0	41.0	24.0	41.0
30	35.11875164582849	40.0	35.0	41.0	24.0	41.0
31	35.01004347488264	40.0	35.0	41.0	23.0	41.0
32	34.88618842406079	40.0	35.0	41.0	20.0	41.0
33	34.83350170388059	40.0	35.0	41.0	21.0	41.0
34	34.77363686495753	40.0	35.0	41.0	19.0	41.0
35	34.68145201728413	40.0	35.0	41.0	18.0	41.0
36	34.40494771753809	39.0	35.0	41.0	16.0	41.0
>>END_MODULE
>>Per sequence quality scores	pass
#Quality	Count
2	1156674.0
3	19116.0
4	210062.0
5	143372.0
6	111697.0
7	94274.0
8	89494.0
9	90013.0
10	88957.0
11	81294.0
12	84217.0
13	92346.0
14	100975.0
15	106576.0
16	101961.0
17	103307.0
18	107765.0
19	119246.0
20	143166.0
21	176548.0
22	217357.0
23	258699.0
24	301451.0
25	345233.0
26	388925.0
27	439363.0
28	503971.0
29	586162.0
30	703481.0
31	856702.0
32	1044506.0
33	1303320.0
34	1673387.0
35	2196744.0
36	3013113.0
37	4548414.0
38	8975055.0
39	1.4404202E7
>>END_MODULE
>>Per base sequence content	pass
#Base	G	A	T	C
1	22.15402640952772	26.338038858496898	27.995444233905843	23.512490498069543
2	22.076833918797274	27.95003537106177	27.061613546043933	22.911517164097024
3	22.788804489236266	27.687974973172185	27.957272584141997	21.56594795344955
4	23.040385544662893	26.935315384597597	27.368799246190807	22.655499824548706
5	22.651329039496094	27.31284476736162	28.320284432628707	21.71554176051358
6	23.158025434879438	27.667352620748094	26.860750209893503	22.31387173447897
7	22.826853340438532	27.973458656955042	27.680193556655798	21.51949444595063
8	22.62306350805432	27.965693180998397	27.199561060528804	22.21168225041848
9	22.87267920814377	27.225967680458112	27.53739816983316	22.36395494156496
10	22.773399832307515	27.694841916540806	26.868615727767715	22.663142523383964
11	22.966831991493326	27.26208948215969	27.0056776011371	22.765400925209885
12	22.78335956098939	27.279490106354565	26.797683785061498	23.13946654759455
13	22.863933321394995	27.669764742538234	26.932262395721583	22.534039540345184
14	22.765438718823187	27.408837636302945	26.804557776374967	23.0211658684989
15	22.63916136416714	27.692560960820362	27.005675377983373	22.66260229702912
16	22.816268905560317	27.364874771418112	26.88704789529035	22.93180842773122
17	23.077388412854162	27.244766508213715	26.845568306136304	22.83227677279582
18	23.20871481138304	27.28231990884233	26.894247523917354	22.61471775585728
19	23.08224034759453	27.23542275324472	26.560391026062142	23.121945873098607
20	23.28518760471749	27.03692402672275	26.85148188201968	22.826406486540083
21	23.531699782208744	27.148910949243287	26.583365096642158	22.736024171905804
22	23.01306247317626	27.453122858477702	26.714775713246077	22.819038955099966
23	22.944513751261777	27.49490703271337	26.743321007057514	22.817258208967335
24	23.115250168982325	27.236940474203397	26.63047600771134	23.01733334910294
25	22.890038078739934	27.267612528812496	27.078030292251213	22.76431910019635
26	22.929865119552094	27.31232359141925	26.65752588719082	23.100285401837837
27	23.007777037132985	27.262725799023745	26.616530631546496	23.112966532296774
28	23.12057985393472	27.57594236035158	26.52675774798943	22.77672003772427
29	23.410119533870006	27.10978822178347	26.60954109581027	22.870551148536258
30	23.232427221907763	27.084751207735486	26.820005966190163	22.862815604166585
31	23.02110591021035	27.1519197287877	26.61108688102587	23.215887479976082
32	23.35631373665227	27.40492370503133	26.50052701566815	22.73823554264824
33	23.131734039861378	27.157616499528846	26.524082565237556	23.186566895372216
34	23.09363604535282	27.531890764998835	26.594654976141275	22.77981821350707
35	23.018816086919184	27.301419300524522	26.538131731216364	23.141632881339934
36	23.10310802213717	27.27484798346097	26.895115657779105	22.72692833662275
>>END_MODULE
>>Per base GC content	pass
#Base	%GC
1	45.66651690759726
2	44.988351082894305
3	44.35475244268582
4	45.695885369211595
5	44.36687080000968
6	45.47189716935841
7	44.34634778638916
8	44.8347457584728
9	45.23663414970873
10	45.43654235569148
11	45.73223291670321
12	45.92282610858394
13	45.39797286174018
14	45.78660458732209
15	45.30176366119626
16	45.74807733329153
17	45.909665185649985
18	45.82343256724032
19	46.20418622069314
20	46.111594091257565
21	46.26772395411455
22	45.832101428276225
23	45.76177196022911
24	46.13258351808527
25	45.65435717893628
26	46.03015052138993
27	46.120743569429756
28	45.897299891658996
29	46.28067068240626
30	46.09524282607435
31	46.236993390186434
32	46.09454927930051
33	46.318300935233594
34	45.873454258859894
35	46.16044896825912
36	45.830036358759926
>>END_MODULE
>>Per sequence GC content	pass
#GC Content	Count
0	1757.0
1	2606.5
2	3456.0
3	3456.0
4	5749.5
5	8043.0
6	8043.0
7	12616.5
8	17190.0
9	17190.0
10	26392.5
11	35595.0
12	35595.0
13	52711.0
14	69827.0
15	99091.0
16	128355.0
17	128355.0
18	176494.0
19	224633.0
20	224633.0
21	306844.5
22	389056.0
23	389056.0
24	540173.0
25	691290.0
26	945486.0
27	1199682.0
28	1199682.0
29	1623596.0
30	2047510.0
31	2047510.0
32	2415309.5
33	2783109.0
34	2783109.0
35	3116113.0
36	3449117.0
37	3449117.0
38	3663328.5
39	3877540.0
40	4008923.0
41	4140306.0
42	4140306.0
43	4183404.5
44	4226503.0
45	4226503.0
46	4201241.0
47	4175979.0
48	4175979.0
49	4077996.0
50	3980013.0
51	3788364.5
52	3596716.0
53	3596716.0
54	3223395.5
55	2850075.0
56	2850075.0
57	2522654.5
58	2195234.0
59	2195234.0
60	1886286.5
61	1577339.0
62	1577339.0
63	1341135.5
64	1104932.0
65	936383.5
66	767835.0
67	767835.0
68	643623.0
69	519411.0
70	519411.0
71	434208.0
72	349005.0
73	349005.0
74	290330.0
75	231655.0
76	188536.0
77	145417.0
78	145417.0
79	116895.0
80	88373.0
81	88373.0
82	69981.5
83	51590.0
84	51590.0
85	40094.5
86	28599.0
87	28599.0
88	21650.5
89	14702.0
90	10839.0
91	6976.0
92	6976.0
93	4949.0
94	2922.0
95	2922.0
96	2009.0
97	1096.0
98	1096.0
99	701.5
100	307.0
>>END_MODULE
>>Per base N content	pass
#Base	N-Count
1	0.0544472578454817
2	0.005082129412223722
3	0.014157042912091279
4	2.223153723632424E-6
5	1.9786068140328577E-4
6	0.0
7	0.0
8	0.0
9	0.0
10	0.0
11	0.0
12	0.0
13	0.0
14	0.0
15	0.0
16	0.0
17	0.002741148541238779
18	0.0013761321549284706
19	0.0
20	0.0
21	0.0
22	0.0
23	0.0
24	2.423237558759342E-4
25	0.0014783972262155621
26	0.0039060810924221694
27	0.0051554934851035916
28	5.335568936717818E-5
29	0.06305530906338645
30	0.017164969900165947
31	0.026228767631415344
32	0.024332417505156884
33	0.013972521153029785
34	0.00910603765199841
35	7.247481139041703E-4
36	0.0011404778602234337
>>END_MODULE
>>Sequence Length Distribution	pass
#Length	Count
36	4.4981145E7
>>END_MODULE
>>Sequence Duplication Levels	fail
#Total Duplicate Percentage	53.876857988470974
#Duplication Level	Relative count
1	100.0
2	48.6103625362282
3	22.530126608023593
4	9.956780393552652
5	4.242639955254996
6	1.9342045050083896
7	1.0820155590583211
8	0.6671073371637769
9	0.5633802816901409
10++	13.799766105659225
>>END_MODULE
>>Overrepresented sequences	warn
#Sequence	Count	Percentage	Possible Source
GATCGGAAGAGCACACGTCTGAACTCCAGTCACACT	131218	0.29171778530759945	TruSeq Adapter, Index 8 (100% over 36bp)
>>END_MODULE
>>Kmer Content	warn
#Sequence	Count	Obs/Exp Overall	Obs/Exp Max	Max Obs/Exp Position
CACAC	4262210	3.3651724	6.9506545	31
TTTTC	5762315	3.3411214	3.8015578	2
GAAAA	6168470	3.3306947	3.5960615	12
CTGAA	3476645	2.2942877	5.423291	19
TCCAG	2731080	2.1689768	6.0147867	25
GGAAG	2511110	1.926596	6.5034432	5
CTCCA	2306395	1.8492827	5.605046	24
GCACA	2136315	1.6706619	5.3964143	11
GAAGA	2514695	1.6185513	5.4844284	6
AAGAG	2414610	1.554133	5.374261	7
AGAGC	1972610	1.5279716	6.1222653	8
GAGCA	1876040	1.4531692	5.18117	9
CCAGT	1744795	1.3856862	5.0712996	26
GTCTG	1730770	1.3826358	5.05709	17
AGCAC	1754600	1.3721493	5.127199	10
CGGAA	873490	0.67660004	5.2096777	4
TCGGA	473880	0.3727689	5.0027866	3
>>END_MODULE
